winnings	age	drive	accuracy	regulation	putts	save	events
632878	23	288.0	53.1	58.2	1.767	50.9	27
3724984	24	295.4	57.7	65.6	1.757	59.3	16
1313484	34	285.8	64.2	63.8	1.795	50.7	24
808373	34	297.9	59.0	63.0	1.787	47.7	20
486053	31	289.4	60.5	62.5	1.766	43.5	30
1355433	29	284.6	68.8	67.0	1.780	50.9	23
962167	42	282.1	74.2	68.9	1.777	40.4	23
1036958	28	283.8	64.4	64.2	1.740	53.8	27
500818	27	282.1	64.3	63.4	1.809	42.2	20
943589	47	282.2	62.6	65.3	1.777	47.7	15
631143	40	283.5	59.7	64.4	1.773	50.5	31
503252	38	285.2	70.1	66.0	1.829	49.7	32
162701	46	280.9	63.4	63.6	1.808	42.3	27
1553826	29	294.4	65.1	67.7	1.768	43.1	30
581421	36	276.1	67.2	62.3	1.769	51.9	30
1046064	38	278.2	63.9	64.2	1.756	44.8	23
966554	45	278.2	63.7	64.8	1.788	46.9	26
1016899	43	273.7	61.6	61.4	1.749	52.9	28
524907	34	298.9	50.1	63.0	1.759	55.6	34
1259780	36	291.3	64.8	64.9	1.775	49.3	31
836382	35	294.3	57.2	65.8	1.780	52.7	31
919256	31	292.2	66.1	66.6	1.766	48.5	24
645196	33	279.7	64.8	61.5	1.737	52.2	32
159939	33	292.4	63.0	62.0	1.844	52.1	24
1156517	32	289.4	65.0	70.6	1.780	42.1	30
779189	34	291.2	66.5	67.0	1.771	47.3	30
1367963	27	290.8	61.1	64.5	1.733	52.9	28
1955395	39	290.6	59.3	67.8	1.798	47.1	27
2264985	30	288.0	63.9	67.7	1.799	46.1	28
1703485	25	288.5	64.3	66.1	1.802	48.9	30
100283	31	302.1	56.2	60.8	1.796	34.2	24
2971843	36	277.3	68.6	67.1	1.752	50.6	27
1292732	31	277.3	61.8	62.5	1.766	51.6	23
692785	35	304.0	59.5	70.4	1.811	33.2	33
258061	36	283.4	62.8	60.5	1.802	45.7	33
881938	45	268.2	71.9	62.1	1.762	57.4	23
595820	32	291.0	67.8	67.7	1.787	52.9	25
494569	36	270.8	76.1	62.9	1.791	53.1	30
1308586	38	276.9	63.5	60.7	1.797	55.3	16
423749	37	289.4	54.4	63.0	1.815	50.5	27
356943	28	290.7	63.9	65.8	1.810	49.6	27
315540	46	281.9	64.3	63.1	1.811	62.3	28
135731	37	296.0	51.5	60.7	1.778	41.4	31
763253	30	295.9	58.6	63.9	1.748	52.2	33
397606	44	283.8	65.5	68.1	1.792	45.6	28
490414	34	286.7	62.9	63.9	1.757	54.0	26
2009819	36	289.0	62.3	64.0	1.745	46.2	16
293617	35	285.8	66.6	66.2	1.796	43.2	30
402589	45	273.6	66.1	63.7	1.802	60.1	26
21250	25	283.8	54.4	54.7	1.847	47.7	25
164435	35	272.8	69.4	60.1	1.786	49.2	27
479465	44	281.3	63.7	64.0	1.779	50.0	26
2357531	37	285.3	63.4	68.5	1.758	55.7	24
3075094	40	300.1	60.1	63.4	1.753	51.9	24
561341	34	282.2	63.0	62.0	1.755	52.4	33
346632	37	295.3	60.1	63.4	1.776	44.1	22
677035	42	300.1	60.4	63.0	1.774	61.1	21
230329	35	280.5	68.3	62.6	1.842	41.5	23
854638	36	285.6	63.1	64.2	1.784	45.6	23
1487912	42	285.4	68.6	69.0	1.770	41.3	26
5787225	35	298.0	55.5	65.6	1.740	47.9	16
115185	42	275.2	67.8	60.1	1.795	51.8	36
1259235	35	287.3	66.6	64.8	1.759	40.8	27
1396109	45	294.5	58.8	66.3	1.781	47.1	16
2103732	48	271.9	77.2	65.5	1.769	54.6	29
1259048	30	287.9	55.6	64.4	1.750	43.9	24
287150	42	280.2	66.2	62.0	1.788	42.7	30
1236909	27	303.3	63.2	66.9	1.752	61.0	26
519935	39	286.1	65.6	61.8	1.749	47.5	33
239319	40	288.3	59.4	62.8	1.808	43.8	29
402380	31	287.3	61.7	60.6	1.726	57.7	22
130783	40	281.1	66.3	60.3	1.810	42.5	24
816889	29	314.4	49.9	62.9	1.765	59.3	30
1446765	33	298.8	64.3	65.2	1.748	51.7	25
1066838	30	280.1	71.3	67.1	1.788	54.3	31
795206	33	281.0	72.3	66.1	1.780	41.6	27
162120	33	279.7	70.6	60.4	1.823	43.9	27
813089	22	293.0	62.2	63.7	1.775	45.8	30
848823	29	301.3	64.5	66.6	1.788	41.7	30
807344	44	288.3	65.5	65.8	1.769	49.1	32
260816	39	280.7	67.7	63.6	1.776	46.2	27
567931	31	293.3	65.8	66.8	1.778	42.0	29
317770	27	290.7	62.5	65.3	1.790	52.5	28
190184	44	288.8	62.1	64.5	1.797	51.3	26
2071626	51	274.5	65.4	66.9	1.758	56.1	23
660038	37	288.1	69.3	65.4	1.776	56.3	33
448914	41	290.9	71.3	66.2	1.810	46.4	34
1527883	40	281.2	69.2	67.5	1.789	49.5	20
1007635	47	279.6	67.9	68.8	1.777	45.9	28
2496223	38	278.1	70.4	68.0	1.763	52.8	29
1550135	39	287.9	60.0	66.1	1.759	51.9	24
952548	40	287.2	75.1	73.3	1.798	41.7	26
1443363	30	288.8	61.3	62.5	1.755	47.7	32
1536882	46	291.5	65.6	67.6	1.811	35.1	31
210448	47	270.2	73.4	66.5	1.789	50.0	19
2359507	38	306.0	53.0	66.4	1.736	54.8	22
874280	43	286.4	65.9	68.8	1.804	55.9	20
423263	41	285.0	61.4	67.1	1.773	38.9	17
737957	29	286.7	69.1	62.5	1.764	46.1	29
698203	33	296.6	65.6	70.5	1.791	50.6	28
1133166	26	295.8	62.1	61.4	1.760	56.0	27
1695333	34	290.9	64.7	66.5	1.803	42.2	25
779197	41	279.4	74.3	63.3	1.754	61.7	20
495051	38	277.7	57.0	62.5	1.745	51.2	17
1531023	32	282.9	67.4	66.1	1.769	54.0	25
1236765	24	290.7	61.5	67.7	1.762	49.4	22
2077775	34	285.0	61.2	65.9	1.770	45.8	24
301308	35	284.3	59.0	61.9	1.785	47.9	30
1952043	44	295.9	62.5	68.6	1.776	45.8	23
674910	37	286.4	69.8	67.4	1.776	46.5	32
21660	28	290.7	56.1	59.1	1.823	47.0	21
901159	21	280.1	68.7	63.4	1.775	49.7	32
928759	40	286.1	67.1	63.0	1.799	53.7	27
1566426	42	279.1	72.1	67.7	1.752	49.3	24
205171	31	299.1	59.0	62.0	1.808	41.9	26
837482	40	286.1	62.2	67.8	1.781	51.5	25
213707	37	278.0	67.2	59.1	1.792	60.2	25
998677	49	269.1	69.8	66.6	1.738	59.3	22
557454	25	303.4	64.4	67.5	1.797	48.4	30
1646267	27	279.8	69.6	69.4	1.791	52.2	21
264076	43	273.8	66.8	59.8	1.796	43.5	31
717876	44	291.3	64.5	64.1	1.765	52.3	24
2718765	33	284.6	67.7	63.3	1.738	54.0	29
543866	47	272.9	67.0	62.5	1.768	53.7	17
300317	30	282.1	72.0	68.9	1.788	48.1	19
565013	34	292.1	58.5	63.2	1.811	43.9	32
817117	33	285.6	68.5	63.2	1.749	53.3	25
509258	26	287.3	64.4	65.3	1.795	46.6	28
882872	45	291.1	56.5	64.2	1.763	48.9	28
166185	37	305.2	62.7	62.8	1.790	31.8	17
2761537	34	282.1	64.1	65.1	1.749	53.7	22
701240	42	291.6	57.6	65.2	1.781	52.4	33
796086	47	272.8	68.3	59.1	1.746	58.7	15
265424	32	289.1	61.6	61.5	1.806	40.7	22
583537	32	285.8	69.5	66.2	1.771	44.2	23
597034	45	281.9	73.5	68.9	1.775	47.8	30
345798	36	272.2	73.1	62.6	1.813	56.8	28
299385	35	275.5	69.9	66.3	1.803	45.0	32
723724	28	291.4	65.0	66.2	1.780	51.1	32
1234345	35	290.3	63.0	64.9	1.759	43.0	33
601438	44	285.1	57.6	63.0	1.745	51.7	23
675189	37	291.4	61.5	62.9	1.819	47.1	23
5784823	34	295.4	62.9	69.5	1.759	56.4	22
3885573	35	294.2	62.5	68.7	1.743	54.6	16
223597	29	293.1	59.0	64.4	1.797	35.3	26
230499	34	296.7	61.7	63.7	1.814	56.4	28
461184	28	283.4	69.3	64.5	1.758	50.8	32
1513537	33	294.9	65.0	70.3	1.798	46.5	26
933389	32	277.2	70.0	63.8	1.792	49.4	28
725369	36	288.1	65.2	65.7	1.767	48.3	31
257692	41	283.4	69.9	65.5	1.800	45.0	19
1737725	35	292.1	59.8	66.1	1.763	58.9	26
234164	29	297.8	59.2	63.2	1.796	49.3	28
247987	27	293.1	64.8	68.0	1.811	42.3	23
2500397	28	292.2	59.2	64.9	1.792	48.9	26
185108	46	280.3	65.4	63.6	1.791	45.7	25
1592344	28	295.6	63.2	65.5	1.768	51.3	33
531263	31	312.6	54.1	62.7	1.806	49.0	29
1239360	49	280.4	68.8	68.6	1.786	50.0	17
790720	39	294.1	64.9	65.4	1.772	49.7	27
190986	49	278.7	70.7	62.0	1.800	51.2	18
2365594	40	278.0	77.1	68.5	1.743	47.1	24
3239216	24	295.1	58.5	70.8	1.790	48.1	18
949919	35	287.5	63.1	67.0	1.793	47.2	27
2301693	35	280.1	63.7	64.6	1.746	49.4	26
1206440	40	281.3	68.2	62.7	1.767	48.3	29
374187	36	281.5	67.1	64.9	1.810	45.8	33
3303207	40	287.9	65.0	68.4	1.755	54.5	27
1166560	35	282.3	64.8	64.8	1.805	55.3	24
648480	31	301.2	59.3	66.8	1.795	48.9	33
243239	42	287.1	68.2	66.1	1.796	49.0	20
2461789	37	279.9	65.8	65.8	1.763	49.0	31
1191245	44	288.8	58.3	63.9	1.769	43.8	28
199569	43	283.5	64.8	65.1	1.797	48.5	24
440906	37	281.8	52.7	59.3	1.745	48.8	27
4450272	31	290.5	58.7	66.4	1.723	56.1	28
2949234	33	293.2	62.5	65.1	1.764	51.4	25
623262	30	301.0	56.4	64.2	1.751	49.4	18
1636876	31	289.2	70.1	67.4	1.769	46.6	35
5365472	28	301.9	56.1	66.9	1.724	53.5	19
1108190	28	278.8	72.0	65.8	1.764	53.3	26
1727577	34	293.8	58.0	65.1	1.787	47.8	26
1193355	38	287.2	63.6	63.4	1.776	49.2	32
847996	35	280.1	61.7	63.9	1.769	46.7	33
3063780	39	283.5	58.7	62.7	1.774	44.6	27
873140	44	272.6	74.7	63.7	1.776	52.5	25
395782	36	296.5	55.1	62.9	1.790	42.7	35
1343278	45	287.2	69.7	71.4	1.778	44.0	19
1475273	45	286.0	68.2	66.8	1.778	55.4	31
844636	45	290.5	62.4	64.3	1.807	43.6	28
151852	38	287.8	54.0	61.9	1.776	43.5	25
90699	36	286.2	61.7	62.1	1.795	43.8	22
1176435	28	292.5	65.1	68.4	1.761	41.9	27
10905167 41	300.8	60.4	73.0	1.757	50.9	29
1495982	40	291.3	63.3	68.1	1.775	46.9	29
2417685	28	285.6	71.9	67.9	1.751	45.3	30
